{
 "cells": [
  {
   "cell_type": "code",
   "execution_count": 12,
   "metadata": {
    "collapsed": false
   },
   "outputs": [
    {
     "name": "stdout",
     "output_type": "stream",
     "text": [
      "{'RFC', 'VD', 'VFO', 'AD', 'AFO', 'RD', 'RFO', 'T', 'AFC', 'VFC'}\n",
      "\n",
      "\n",
      "[[ 0.18518519  0.12345679  0.12345679  0.12345679  0.04320988  0.10493827\n",
      "   0.04320988  0.10493827  0.04320988  0.10493827]\n",
      " [ 0.18518519  0.12345679  0.08333333  0.08333333  0.08333333  0.06481481\n",
      "   0.08333333  0.06481481  0.04320988  0.18518519]\n",
      " [ 0.18518519  0.08333333  0.12345679  0.08333333  0.08333333  0.06481481\n",
      "   0.04320988  0.18518519  0.08333333  0.06481481]\n",
      " [ 0.18518519  0.08333333  0.08333333  0.12345679  0.04320988  0.18518519\n",
      "   0.08333333  0.06481481  0.08333333  0.06481481]\n",
      " [ 0.06481481  0.08333333  0.08333333  0.04320988  0.12345679  0.06481481\n",
      "   0.08333333  0.18518519  0.08333333  0.18518519]\n",
      " [ 0.10493827  0.04320988  0.04320988  0.12345679  0.04320988  0.18518519\n",
      "   0.12345679  0.10493827  0.12345679  0.10493827]\n",
      " [ 0.06481481  0.08333333  0.04320988  0.08333333  0.08333333  0.18518519\n",
      "   0.12345679  0.06481481  0.08333333  0.18518519]\n",
      " [ 0.10493827  0.04320988  0.12345679  0.04320988  0.12345679  0.10493827\n",
      "   0.04320988  0.18518519  0.12345679  0.10493827]\n",
      " [ 0.06481481  0.04320988  0.08333333  0.08333333  0.08333333  0.18518519\n",
      "   0.08333333  0.18518519  0.12345679  0.06481481]\n",
      " [ 0.10493827  0.12345679  0.04320988  0.04320988  0.12345679  0.10493827\n",
      "   0.12345679  0.10493827  0.04320988  0.18518519]]\n",
      "\n",
      "\n",
      "[[ 0.12887567  0.0848836   0.0848836   0.0848836   0.08178307  0.12370811\n",
      "   0.08178307  0.12370811  0.08178307  0.12370811]\n",
      " [ 0.1273254   0.08591711  0.08333333  0.08333333  0.08333333  0.1226746\n",
      "   0.08333333  0.1226746   0.08074956  0.1273254 ]\n",
      " [ 0.1273254   0.08333333  0.08591711  0.08333333  0.08333333  0.1226746\n",
      "   0.08074956  0.1273254   0.08333333  0.1226746 ]\n",
      " [ 0.1273254   0.08333333  0.08333333  0.08591711  0.08074956  0.1273254\n",
      "   0.08333333  0.1226746   0.08333333  0.1226746 ]\n",
      " [ 0.1226746   0.08333333  0.08333333  0.08074956  0.08591711  0.1226746\n",
      "   0.08333333  0.1273254   0.08333333  0.1273254 ]\n",
      " [ 0.12370811  0.08178307  0.08178307  0.0848836   0.08178307  0.12887567\n",
      "   0.0848836   0.12370811  0.0848836   0.12370811]\n",
      " [ 0.1226746   0.08333333  0.08074956  0.08333333  0.08333333  0.1273254\n",
      "   0.08591711  0.1226746   0.08333333  0.1273254 ]\n",
      " [ 0.12370811  0.08178307  0.0848836   0.08178307  0.0848836   0.12370811\n",
      "   0.08178307  0.12887567  0.0848836   0.12370811]\n",
      " [ 0.1226746   0.08074956  0.08333333  0.08333333  0.08333333  0.1273254\n",
      "   0.08333333  0.1273254   0.08591711  0.1226746 ]\n",
      " [ 0.12370811  0.0848836   0.08178307  0.08178307  0.0848836   0.12370811\n",
      "   0.0848836   0.12370811  0.08178307  0.12887567]]\n"
     ]
    }
   ],
   "source": [
    "import numpy as np\n",
    "\n",
    "# T = Triangulo\n",
    "# A = Azul\n",
    "# R = Rosa\n",
    "# V = Verde\n",
    "# D = Dentro\n",
    "# F = Fora\n",
    "# O = Oco\n",
    "\n",
    "\n",
    "X = {\"T\", \"AD\", \"RD\", \"VD\", \"AFC\", \"AFO\", \"VFC\", \"VFO\", \"RFC\", \"RFO\"}\n",
    "\n",
    "\n",
    "\n",
    "# P1 = Probabilidade dos estados se sair 1.\n",
    "    \n",
    "P1 = np.array([\n",
    "    [0, 1./3, 1./3, 1./3, 0, 0, 0, 0, 0, 0],\n",
    "    [1./2, 0, 0, 0, 0, 0, 0, 0, 0, 1./2 ],\n",
    "    [1./2, 0, 0, 0, 0, 0, 0, 1./2, 0, 0 ],\n",
    "    [1./2, 0, 0, 0, 0, 1./2, 0, 0, 0, 0 ],\n",
    "    [0, 0, 0, 0, 0, 0, 0, 1./2, 0, 1./2 ],\n",
    "    [0, 0, 0, 1./3, 0, 0, 1./3, 0, 1./3, 0 ],\n",
    "    [0, 0, 0, 0, 0, 1./2, 0, 0, 0, 1./2 ],\n",
    "    [0, 0, 1./3, 0, 1./3, 0, 0, 0, 1./3, 0 ],\n",
    "    [0, 0, 0, 0, 0, 1./2, 0, 1./2, 0, 0 ],\n",
    "    [0, 1./3, 0, 0, 1./3, 0, 1./3, 0, 0, 0 ]\n",
    "])\n",
    "\n",
    "P2 = np.linalg.matrix_power(P1, 2)\n",
    "P3 = np.linalg.matrix_power(P1, 3)\n",
    "P4 = np.linalg.matrix_power(P1, 4)\n",
    "P5 = np.linalg.matrix_power(P1, 5)\n",
    "P6 = np.linalg.matrix_power(P1, 6)\n",
    "\n",
    "# P = Matriz de probabilidades\n",
    "\n",
    "P = (P1 + P2 + P3 + P4 + P5 + P6)*(1./6)\n",
    "\n",
    "# Pt3 = Matriz de probabilidades ao fim de 3 lançamentos\n",
    "\n",
    "Pt3 = np.linalg.matrix_power(P, 3)\n",
    "\n",
    "\n",
    "print(X)\n",
    "print(\"\\n\")\n",
    "print(P)\n",
    "print(\"\\n\")\n",
    "print(Pt3)\n"
   ]
  },
  {
   "cell_type": "code",
   "execution_count": null,
   "metadata": {
    "collapsed": true
   },
   "outputs": [],
   "source": []
  }
 ],
 "metadata": {
  "kernelspec": {
   "display_name": "Python 3",
   "language": "python",
   "name": "python3"
  },
  "language_info": {
   "codemirror_mode": {
    "name": "ipython",
    "version": 3
   },
   "file_extension": ".py",
   "mimetype": "text/x-python",
   "name": "python",
   "nbconvert_exporter": "python",
   "pygments_lexer": "ipython3",
   "version": "3.6.0"
  }
 },
 "nbformat": 4,
 "nbformat_minor": 2
}
